Year	   JuniperW3	     PineSugar1	 HemlockMtn2	   PineJeff4	     PineWW2
1620	       0.882	          1.180	       0.998	       1.034	       0.914
1621	       1.103	          0.987	       0.975	       0.900	       0.942
1622	       0.929	          1.201	       1.050	       0.936	       1.084
1623	       1.139	          0.977	       0.985	       0.971	       0.959
1624	       1.186	          1.007	       1.018	       0.757	       0.736
1625	       1.186	          1.015	       0.797	       0.860	       0.760
1626	       0.705	          0.819	       0.952	       0.707	       0.841
1627	       0.973	          0.901	       0.870	       0.658	       0.761
1628	       1.119	          0.826	       0.864	       0.726	       0.773
1629	       1.035	          0.786	       0.848	       0.360	       0.770
1630	       0.905	          0.805	       0.893	       0.708	       0.829
1631	       0.919	          0.846	       0.765	       0.707	       0.757
1632	       0.788	          0.860	       0.881	       0.680	       0.777
1633	       1.365	          1.125	       0.787	       0.978	       0.849
1634	       0.544	          0.969	       1.062	       1.069	       1.035
1635	       0.658	          1.120	       0.687	       1.131	       0.725
1636	       1.020	          1.376	       1.044	       1.393	       1.116
1637	       0.754	          0.976	       1.110	       1.305	       1.028
1638	       0.713	          1.058	       0.787	       1.007	       0.854
1639	       0.690	          0.830	       0.799	       0.713	       0.801
1640	       0.862	          0.887	       0.833	       1.075	       1.006
1641	       1.022	          1.011	       0.427	       1.341	       0.631
1642	       1.429	          1.022	       0.916	       1.387	       0.694
1643	       1.236	          1.011	       0.913	       1.187	       0.804
1644	       1.184	          1.113	       0.928	       1.222	       0.773
1645	       0.736	          1.012	       1.074	       1.117	       0.914
1646	       0.717	          1.022	       0.887	       0.911	       0.997
1647	       0.791	          0.858	       0.828	       0.970	       0.916
1648	       1.046	          0.977	       0.997	       1.048	       1.125
1649	       0.939	          1.180	       0.915	       1.102	       1.062
1650	       1.042	          1.128	       0.995	       1.166	       1.065
1651	       0.879	          1.081	       0.969	       1.103	       1.213
1652	       1.217	          1.111	       0.955	       1.068	       1.187
1653	       0.874	          0.915	       0.810	       0.894	       1.011
1654	       1.089	          1.170	       0.881	       0.737	       1.274
1655	       0.434	          0.765	       0.617	       0.181	       0.924
1656	       1.121	          1.133	       0.498	       0.861	       0.915
1657	       0.613	          0.906	       0.743	       0.859	       1.115
1658	       0.868	          1.073	       0.770	       0.862	       0.961
1659	       0.957	          0.922	       0.870	       0.978	       0.988
1660	       1.143	          0.992	       1.042	       1.023	       1.183
1661	       1.412	          1.185	       1.073	       1.233	       0.997
1662	       0.715	          0.894	       0.952	       1.062	       1.019
1663	       0.846	          1.021	       0.811	       1.091	       0.792
1664	       0.998	          1.016	       1.023	       0.893	       1.038
1665	       0.708	          0.949	       1.074	       0.846	       1.085
1666	       1.151	          1.150	       0.943	       1.170	       0.979
1667	       0.818	          0.950	       0.989	       0.924	       0.921
1668	       0.886	          0.933	       0.857	       0.851	       0.925
1669	       0.637	          0.874	       1.028	       0.823	       0.848
1670	       1.015	          0.938	       1.167	       0.974	       0.861
1671	       0.976	          1.022	       1.093	       0.759	       0.746
1672	       0.905	          0.917	       0.635	       0.861	       0.645
1673	       1.104	          0.896	       0.839	       0.856	       0.699
1674	       1.229	          0.979	       0.872	       1.074	       0.759
1675	       1.437	          0.941	       0.963	       1.171	       0.718
1676	       0.900	          0.813	       0.903	       0.859	       0.580
1677	       1.158	          0.655	       1.060	       0.733	       0.663
1678	       1.166	          0.785	       0.897	       0.809	       0.736
1679	       1.081	          0.695	       0.888	       0.917	       0.947
1680	       0.991	          0.805	       0.830	       0.892	       0.854
1681	       1.523	          0.916	       1.012	       0.990	       0.624
1682	       1.016	          0.739	       0.873	       0.903	       0.998
1683	       0.954	          0.886	       1.118	       0.886	       1.057
1684	       0.975	          1.020	       1.442	       1.140	       0.948
1685	       0.850	          0.931	       0.990	       1.093	       0.895
1686	       0.805	          0.787	       1.060	       1.020	       0.969
1687	       1.034	          0.968	       1.030	       0.954	       0.808
1688	       1.080	          0.876	       1.031	       0.902	       0.972
1689	       1.056	          0.950	       1.028	       0.933	       1.153
1690	       0.592	          0.813	       0.979	       0.854	       1.035
1691	       0.727	          0.977	       0.805	       0.663	       0.766
1692	       1.076	          0.898	       0.896	       0.949	       0.977
1693	       0.907	          0.859	       0.998	       0.845	       0.976
1694	       0.740	          0.849	       0.854	       0.889	       0.913
1695	       0.665	          0.857	       0.821	       0.851	       0.880
1696	       0.705	          0.827	       0.634	       0.831	       0.756
1697	       0.957	          1.047	       1.266	       1.041	       0.958
1698	       0.693	          0.939	       1.088	       1.013	       0.813
1699	       0.902	          1.053	       0.749	       1.281	       0.595
1700	       0.844	          0.923	       0.833	       1.350	       0.677
1701	       0.663	          0.750	       0.807	       0.944	       0.675
1702	       0.702	          1.085	       0.751	       1.261	       0.791
1703	       0.568	          0.807	       0.942	       0.877	       0.795
1704	       0.765	          0.879	       0.739	       0.751	       0.707
1705	       1.064	          0.974	       0.985	       1.162	       0.675
1706	       0.888	          0.840	       0.959	       0.875	       0.886
1707	       0.534	          0.785	       0.688	       0.913	       0.775
1708	       0.604	          0.825	       0.763	       0.861	       0.931
1709	       0.739	          0.732	       0.766	       0.940	       1.016
1710	       0.686	          0.760	       0.936	       0.872	       0.963
1711	       0.935	          0.949	       1.075	       0.955	       1.114
1712	       0.810	          0.760	       1.197	       0.867	       1.173
1713	       0.901	          0.834	       1.038	       0.907	       1.167
1714	       0.872	          0.822	       0.752	       0.926	       1.088
1715	       0.786	          0.928	       0.703	       1.172	       0.954
1716	       0.859	          1.034	       0.771	       1.289	       1.065
1717	       1.072	          1.097	       1.399	       1.204	       1.350
1718	       0.915	          1.031	       1.082	       0.947	       1.349
1719	       0.774	          1.076	       0.994	       0.983	       1.087
1720	       0.901	          1.174	       1.115	       1.067	       1.214
1721	       0.687	          1.021	       1.050	       0.962	       1.104
1722	       0.736	          0.903	       1.036	       0.916	       1.107
1723	       1.005	          0.968	       0.873	       0.888	       0.955
1724	       0.855	          0.976	       1.056	       0.965	       1.225
1725	       0.963	          1.055	       0.915	       1.132	       0.948
1726	       1.001	          1.316	       1.044	       1.061	       0.845
1727	       1.094	          1.166	       1.071	       1.104	       0.957
1728	       1.018	          0.891	       1.295	       0.922	       1.086
1729	       0.856	          0.645	       1.120	       0.460	       0.989
1730	       1.055	          0.907	       0.783	       0.843	       0.927
1731	       1.076	          0.811	       1.023	       0.809	       0.856
1732	       1.140	          0.999	       1.002	       0.873	       1.100
1733	       0.877	          0.788	       1.038	       0.972	       1.050
1734	       1.088	          0.976	       1.104	       0.951	       1.186
1735	       0.810	          0.714	       0.913	       0.870	       0.897
1736	       0.996	          0.834	       1.019	       1.020	       1.073
1737	       0.955	          0.945	       1.145	       1.046	       1.398
1738	       0.816	          0.904	       0.957	       1.144	       1.308
1739	       0.727	          0.910	       1.214	       1.151	       1.354
1740	       1.120	          1.124	       1.083	       1.160	       1.029
1741	       1.248	          0.892	       1.062	       1.070	       1.046
1742	       1.093	          0.986	       0.825	       1.070	       0.983
1743	       1.287	          1.038	       1.226	       0.982	       1.173
1744	       1.056	          0.891	       1.013	       1.099	       1.033
1745	       1.454	          1.028	       1.154	       1.330	       1.209
1746	       1.247	          0.872	       1.005	       1.168	       1.091
1747	       1.377	          0.878	       1.104	       1.066	       1.174
1748	       1.033	          0.722	       1.341	       0.819	       1.275
1749	       1.455	          1.121	       0.933	       1.285	       1.112
1750	       0.943	          0.833	       0.938	       1.056	       1.317
1751	       1.199	          0.855	       1.041	       1.064	       1.331
1752	       1.079	          0.810	       0.873	       0.945	       1.219
1753	       1.038	          0.818	       0.878	       0.891	       0.861
1754	       0.784	          0.828	       0.914	       1.034	       0.709
1755	       0.896	          1.210	       1.066	       1.296	       0.798
1756	       0.777	          0.927	       1.097	       0.961	       0.943
1757	       0.878	          0.864	       0.811	       0.976	       0.882
1758	       1.025	          1.031	       1.024	       1.141	       1.079
1759	       0.996	          0.923	       1.053	       1.111	       1.099
1760	       1.181	          1.013	       0.993	       1.033	       0.995
1761	       1.228	          0.998	       1.064	       1.225	       0.948
1762	       0.834	          0.703	       1.138	       1.042	       0.945
1763	       0.929	          0.774	       0.945	       1.035	       0.987
1764	       0.877	          0.923	       0.934	       1.013	       0.956
1765	       0.949	          0.777	       0.914	       0.811	       0.956
1766	       0.844	          0.745	       0.784	       0.959	       0.855
1767	       1.023	          0.941	       0.973	       0.764	       0.975
1768	       1.022	          0.874	       0.985	       1.053	       0.820
1769	       1.148	          0.940	       0.929	       1.023	       0.706
1770	       1.409	          0.859	       0.921	       0.823	       0.661
1771	       0.998	          0.676	       1.042	       0.865	       0.838
1772	       0.927	          0.887	       0.949	       0.786	       0.818
1773	       1.096	          0.864	       1.030	       1.235	       0.933
1774	       1.288	          0.869	       1.110	       1.085	       1.086
1775	       0.945	          0.993	       1.126	       1.230	       1.073
1776	       0.813	          0.832	       1.005	       0.622	       1.189
1777	       0.671	          0.826	       1.019	       0.361	       1.294
1778	       0.927	          0.821	       1.014	       0.752	       1.168
1779	       0.930	          0.858	       1.192	       0.948	       1.011
1780	       1.041	          0.791	       1.337	       1.038	       0.955
1781	       0.982	          0.796	       1.261	       0.921	       0.995
1782	       0.491	          0.709	       0.849	       0.390	       0.844
1783	       0.804	          0.840	       0.820	       0.489	       0.900
1784	       1.008	          0.937	       0.705	       0.666	       0.947
1785	       1.078	          0.965	       0.876	       0.903	       0.920
1786	       1.007	          1.001	       1.010	       0.918	       1.286
1787	       0.826	          1.044	       0.754	       0.876	       0.928
1788	       0.956	          1.109	       1.045	       0.808	       1.110
1789	       1.109	          1.387	       0.915	       0.994	       1.135
1790	       1.273	          1.100	       1.079	       1.120	       1.046
1791	       1.163	          0.987	       1.254	       1.123	       1.272
1792	       1.198	          1.298	       1.301	       1.330	       1.361
1793	       1.049	          0.953	       1.152	       1.200	       1.181
1794	       1.017	          0.940	       1.362	       0.707	       1.496
1795	       0.910	          0.898	       0.898	       0.325	       1.079
1796	       0.748	          1.177	       0.784	       0.556	       1.155
1797	       0.853	          1.068	       0.929	       0.780	       1.235
1798	       1.042	          1.027	       1.043	       0.777	       1.397
1799	       1.089	          1.114	       0.851	       1.027	       1.079
1800	       1.101	          1.105	       1.094	       0.760	       1.161
1801	       1.002	          0.946	       0.847	       0.910	       1.154
1802	       1.005	          1.150	       1.052	       1.047	       1.030
1803	       1.114	          1.089	       0.956	       1.005	       0.900
1804	       1.075	          1.002	       0.957	       1.052	       1.152
1805	       1.243	          1.233	       1.221	       1.118	       1.203
1806	       0.910	          1.129	       0.885	       1.045	       1.059
1807	       0.896	          1.045	       1.136	       0.876	       0.991
1808	       0.943	          1.266	       0.959	       0.867	       1.068
1809	       1.093	          1.351	       1.042	       1.125	       0.878
1810	       1.138	          1.027	       0.684	       1.237	       0.498
1811	       1.238	          1.036	       0.841	       1.261	       0.463
1812	       1.344	          1.042	       1.446	       1.008	       0.392
1813	       1.252	          0.900	       1.016	       0.882	       0.566
1814	       1.503	          1.139	       0.978	       0.856	       0.663
1815	       1.143	          0.858	       0.959	       0.883	       0.845
1816	       1.320	          0.903	       0.979	       0.973	       0.763
1817	       1.214	          0.955	       1.140	       0.890	       0.934
1818	       1.364	          0.998	       1.061	       0.832	       0.813
1819	       1.259	          0.919	       0.757	       1.007	       0.719
1820	       1.079	          0.957	       1.007	       0.879	       0.786
1821	       0.965	          1.024	       0.875	       0.666	       0.823
1822	       0.931	          0.863	       0.907	       0.222	       0.903
1823	       0.628	          0.864	       0.708	       0.733	       0.953
1824	       0.442	          0.988	       0.833	       0.632	       0.974
1825	       0.720	          0.913	       0.762	       0.884	       0.889
1826	       0.953	          0.935	       0.947	       1.043	       1.036
1827	       0.853	          0.899	       1.335	       0.967	       1.122
1828	       0.796	          1.182	       0.839	       1.180	       0.881
1829	       0.763	          0.979	       0.986	       0.314	       1.065
1830	       0.864	          0.950	       1.016	       0.818	       1.089
1831	       0.694	          0.850	       1.043	       0.691	       0.959
1832	       1.217	          1.144	       0.971	       1.074	       1.172
1833	       1.009	          0.941	       1.314	       1.005	       1.231
1834	       1.099	          1.117	       1.402	       0.959	       1.205
1835	       1.097	          0.993	       0.958	       0.755	       1.071
1836	       1.181	          1.032	       0.881	       1.034	       1.200
1837	       1.082	          1.065	       1.233	       1.099	       1.241
1838	       1.068	          1.140	       1.090	       1.223	       1.025
1839	       1.284	          1.251	       1.194	       1.177	       0.938
1840	       1.102	          1.050	       0.997	       1.001	       0.931
1841	       1.114	          1.185	       1.003	       0.536	       0.929
1842	       0.840	          0.987	       0.784	       0.674	       0.939
1843	       0.888	          1.042	       0.920	       0.552	       1.040
1844	       0.703	          0.905	       0.815	       0.416	       0.885
1845	       1.273	          1.340	       0.907	       1.191	       1.047
1846	       0.820	          0.873	       1.100	       0.567	       1.245
1847	       0.755	          0.999	       0.728	       0.722	       0.954
1848	       0.714	          0.915	       1.042	       0.884	       1.078
1849	       0.484	          1.188	       0.987	       0.808	       1.060
1850	       0.563	          0.910	       1.065	       0.673	       0.976
1851	       0.783	          0.872	       1.114	       0.422	       0.943
1852	       1.022	          0.924	       1.204	       0.909	       1.289
1853	       1.073	          0.792	       1.017	       0.864	       1.104
1854	       0.938	          0.947	       1.256	       0.908	       1.203
1855	       1.029	          1.126	       1.156	       1.083	       1.088
1856	       0.798	          0.980	       0.991	       0.632	       1.100
1857	       1.104	          1.126	       1.045	       0.844	       1.131
1858	       1.049	          0.888	       1.231	       0.427	       1.063
1859	       0.884	          0.879	       1.129	       0.500	       0.945
1860	       1.082	          1.154	       0.724	       0.942	       1.152
1861	       1.060	          1.064	       0.951	       1.105	       1.074
1862	       0.935	          0.982	       0.663	       0.799	       0.974
1863	       1.372	          1.080	       1.661	       0.830	       0.941
1864	       1.545	          1.019	       1.167	       0.740	       0.991
1865	       0.935	          0.941	       1.146	       0.630	       0.956
1866	       1.359	          1.145	       0.938	       1.059	       0.923
1867	       1.049	          0.973	       0.948	       0.817	       0.888
1868	       1.090	          1.320	       0.660	       1.094	       0.718
1869	       0.952	          1.013	       1.126	       1.008	       0.993
1870	       1.069	          0.973	       1.094	       0.887	       1.093
1871	       1.085	          1.040	       0.794	       0.598	       0.933
1872	       0.952	          0.911	       0.771	       0.843	       0.923
1873	       0.935	          0.992	       0.919	       0.955	       1.070
1874	       0.704	          0.917	       0.778	       0.799	       0.920
1875	       0.979	          0.986	       0.978	       0.959	       1.029
1876	       0.801	          1.043	       0.775	       0.932	       0.869
1877	       1.195	          1.189	       1.029	       0.792	       1.062
1878	       1.112	          0.941	       0.937	       1.044	       1.095
1879	       1.135	          1.005	       1.062	       1.206	       1.044
1880	       0.895	          0.920	       0.783	       0.838	       0.914
1881	       0.985	          0.911	       0.889	       0.940	       0.920
1882	       1.086	          1.095	       0.913	       1.151	       1.004
1883	       0.883	          0.996	       0.810	       1.175	       0.761
1884	       1.051	          1.132	       0.510	       1.363	       0.803
1885	       1.351	          1.068	       0.775	       1.466	       0.620
1886	       0.857	          0.935	       0.844	       0.992	       0.874
1887	       0.889	          1.014	       0.750	       1.210	       0.758
1888	       0.939	          1.067	       0.871	       1.126	       1.170
1889	       0.880	          1.046	       0.934	       1.028	       0.983
1890	       0.762	          0.993	       0.711	       0.994	       0.931
1891	       0.919	          1.135	       0.986	       1.355	       1.048
1892	       0.767	          1.014	       0.936	       1.373	       1.018
1893	       0.718	          0.825	       0.732	       1.184	       0.981
1894	       0.984	          1.182	       0.828	       1.441	       0.719
1895	       1.095	          0.973	       0.938	       1.395	       0.766
1896	       0.927	          0.970	       0.875	       1.408	       0.811
1897	       0.897	          1.047	       1.004	       1.490	       1.235
1898	       0.932	          0.912	       1.008	       1.171	       0.890
1899	       0.687	          0.844	       0.714	       1.140	       0.796
1900	       1.088	          0.919	       0.888	       1.541	       0.925
1901	       1.136	          0.907	       1.092	       1.636	       0.969
1902	       0.819	          0.740	       1.166	       1.056	       1.016
1903	       0.818	          0.873	       1.067	       1.428	       0.696
1904	       1.149	          0.869	       1.224	       1.368	       1.016
1905	       1.117	          0.891	       1.124	       1.354	       0.735
1906	       1.036	          0.913	       0.633	       1.342	       0.663
1907	       1.055	          1.135	       0.613	       1.900	       0.869
1908	       1.130	          1.125	       0.994	       1.479	       0.836
1909	       0.652	          0.864	       0.842	       1.361	       0.764
1910	       0.536	          0.933	       0.907	       1.234	       0.820
1911	       0.797	          1.193	       0.780	       1.167	       0.866
1912	       0.908	          1.118	       0.807	       0.963	       0.752
1913	       1.293	          1.200	       0.872	       1.482	       0.589
1914	       1.238	          1.172	       1.062	       1.110	       0.738
1915	       0.977	          1.011	       1.011	       1.118	       0.855
1916	       0.951	          1.172	       0.892	       0.958	       0.863
1917	       0.910	          1.285	       0.842	       0.897	       0.690
1918	       0.814	          0.992	       0.689	       0.827	       0.843
1919	       1.051	          0.993	       0.766	       0.997	       1.139
1920	       0.908	          0.985	       0.674	       0.756	       0.953
1921	       1.073	          0.973	       0.805	       1.318	       0.869
1922	       0.882	          1.063	       0.914	       0.862	       0.945
1923	       1.016	          0.963	       0.744	       1.159	       0.785
1924	       0.623	          0.833	       0.891	       0.341	       0.879
1925	       0.976	          1.136	       0.790	       1.172	       0.714
1926	       1.167	          0.931	       0.955	       1.116	       0.837
1927	       0.853	          1.075	       0.883	       0.787	       0.972
1928	       0.982	          0.927	       1.045	       0.968	       1.014
1929	       0.953	          1.029	       0.825	       0.522	       0.663
1930	       0.772	          0.925	       0.810	       0.793	       0.781
1931	       1.228	          1.160	       0.835	       0.926	       0.760
1932	       0.946	          0.902	       0.729	       0.776	       0.697
1933	       0.723	          0.829	       0.778	       0.556	       0.867
1934	       1.183	          1.303	       1.023	       0.829	       1.128
1935	       1.196	          0.825	       1.204	       0.662	       0.871
1936	       1.382	          0.976	       0.936	       0.840	       0.793
1937	       0.715	          1.010	       1.039	       0.689	       0.921
1938	       1.064	          1.243	       1.062	       1.109	       1.116
1939	       1.133	          0.991	       1.138	       0.662	       0.951
1940	       1.136	          0.956	       0.992	       1.156	       1.166
1941	       1.190	          1.206	       0.866	       1.177	       1.159
1942	       0.887	          1.004	       0.926	       1.329	       1.181
1943	       1.013	          1.124	       0.941	       1.492	       1.167
1944	       0.823	          0.859	       0.765	       0.946	       1.040
1945	       0.880	          1.151	       0.976	       1.307	       1.060
1946	       0.917	          0.955	       1.067	       1.377	       1.376
1947	       0.862	          0.996	       1.073	       1.187	       1.286
1948	       1.003	          0.944	       1.065	       0.984	       1.102
1949	       0.811	          1.108	       0.953	       1.049	       0.946
1950	       1.180	          1.327	       1.150	       1.072	       1.186
1951	       1.329	          1.100	       1.050	       1.281	       1.102
1952	       1.147	          1.111	       0.763	       1.074	       0.972
1953	       0.917	          0.909	       0.691	       1.167	       0.855
1954	       0.963	          0.872	       0.955	       1.158	       1.149
1955	       0.806	          0.807	       1.011	       0.894	       1.093
1956	       0.841	          0.894	       0.829	       1.017	       0.929
1957	       1.011	          0.983	       1.046	       1.187	       1.015
1958	       1.292	          1.016	       1.167	       1.357	       1.227
1959	       1.165	          0.974	       1.194	       0.824	       1.222
1960	       0.827	          0.918	       0.939	       0.520	       0.984
1961	       0.898	          1.067	       0.916	       0.627	       0.785
1962	       1.022	          1.048	       1.018	       0.897	       0.829
1963	       1.185	          1.159	       1.101	       1.122	       1.038
1964	       1.157	          0.907	       1.214	       0.919	       0.972
1965	       1.213	          0.851	       0.971	       1.008	       0.963
1966	       0.930	          0.958	       1.292	       0.920	       0.950
1967	       1.034	          0.997	       1.062	       0.901	       0.841
1968	       1.212	          1.040	       1.258	       1.117	       0.947
1969	       1.126	          1.208	       1.317	       1.302	       1.090
1970	       1.031	          1.185	       1.215	       1.112	       0.983
1971	       1.068	          1.222	       0.988	       1.044	       0.935
1972	       0.942	          0.990	       0.934	       0.911	       0.880
1973	       0.697	          1.049	       1.101	       0.876	       1.125
1974	       0.889	          0.968	       1.162	       1.112	       1.053
1975	       0.915	          0.887	       1.244	       0.913	       1.194
1976	       0.934	          0.795	       1.265	       0.723	       1.121
1977	       1.290	          1.153	       1.395	       0.916	       1.282
1978	       1.062	          0.834	       1.188	       0.960	       1.222
1979	       1.038	          0.992	       1.333	       0.970	       1.310
1980	       1.194	          1.107	       1.131	       1.371	       1.255
1981	       0.985	          1.020	       1.157	       1.065	       1.396
1982	       1.090	          0.978	       0.825	       1.356	       1.124
1983	       0.866	          0.944	       1.144	       1.633	       1.141
1984	       0.895	          1.145	       1.373	       1.609	       1.150
1985	       0.688	          0.783	       0.958	       0.907	       1.165
1986	       1.113	          1.132	       0.935	       1.719	       1.332
1987	       1.110	          1.122	       1.301	       0.574	       1.258
1988	       0.954	          0.976	       1.058	       0.326	       1.139
1989	       0.715	          1.142	       0.937	       0.404	       0.997
1990	       1.330	          1.430	       1.411	       0.510	       1.133
1991	       0.975	          0.958	       1.001	       0.472	       0.955
1992	       1.072	          1.097	       1.138	       0.515	       1.012
1993	       1.202	          1.067	       1.084	       0.720	       1.105
1994	       1.083	          0.937	       1.422	       0.789	       1.045
1995	       1.035	          0.989	       0.634	       1.002	       0.856
1996	       0.988	          1.219	       1.264	       1.310	       1.471
1997	       0.947	          1.138	       1.207	       1.153	       1.031
1998	       0.974	          1.087	       1.035	       1.416	       1.047
1999	       0.749	          1.036	       0.968	       1.386	       1.184
2000	       0.856	          0.771	       0.597	         NaN	       0.990
