 1901   201.6219       252.9125       40.30848       96.55952       39.54647       1.102297      0.4498234       10.74187       69.07297       77.02737       89.18762       84.13216    
 1902   30.60371       242.8627       116.9516       54.55777       31.74010       13.32526       1.999646       6.372438       2.398765       60.43922       91.05459       110.2078    
 1903   202.9724       54.59701       201.6245       48.42279       9.051590       3.571024       0.000000       1.050530      0.2245579       24.49487       199.4989       40.00000    
 1904   42.41220       377.6733       259.9214       66.06219       10.85724      0.1501770       3.101767       12.54700       98.15654       130.2910       38.83003       93.61290    
 1905   61.20565       104.8519       140.7516       63.21872       75.62172       1.923851      0.2749119       6.643287       4.725620       1.000000       60.20654       49.50547    
 1906   310.3519       135.0343       230.0562       77.57526       79.57066       49.64329       6.398410       3.274911       12.90353       2.998936       59.01608       345.5041    
 1907   160.6509       133.1880       336.4426       56.39699       27.01678       61.73534       1.174028       4.096996       3.424735       52.50813       8.948761       207.2189    
 1908   123.9834       76.23392       59.65211       27.59611       85.46449       16.99417       8.870848       1.799117       15.80071       51.21837       45.80371       65.48958    
 1909   462.0885       193.9576       85.66537       5.469612       12.11484       18.40141      0.1247349      0.7991166       10.46838       73.81819       178.5556       233.8474    
 1910   164.3069       86.05937       78.36395       27.17933       4.524380       1.074734       9.371025      0.2508831E-01   33.95919       35.03286       56.64664       106.6848    
 1911   462.4348       96.50936       174.7866       67.32491       22.91537       11.69841       7.031448       0.000000       2.502120       16.16007       37.41978       50.29913    
 1912   84.66077       7.201248       90.22809       76.52473       78.83038       32.91837       14.07809       7.693286       61.94506       42.72774       71.27402       42.06731    
 1913   131.4389       21.59630       43.55936       50.73692       66.06342       25.27315       29.87279       20.71431       2.224206       1.726501       149.9852       255.5330    
 1914   385.2417       136.8106       12.41679       66.66237       28.35601       53.34117       1.851237       1.997880       2.827739       41.69982       11.30653       122.1440    
 1915   126.9606       281.0984       43.12067       61.06272       55.59328      0.3492928       6.100707       2.120317       6.026679       1.298939       44.40424       179.0815    
 1916   380.4558       124.6592       102.4650       10.40194       17.13357      0.6991158       15.07809       4.430565       19.67085       79.51131       49.04257       170.4332    
 1917   59.13038       244.1394       65.69045       54.49947       33.50601      0.3245583       6.577915       2.075972       9.005654      0.8261490       46.38180       46.23623    
 1918   27.69612       206.5790       216.4025       35.93604       10.98410       6.496468       2.076855       1.100529       119.0012       57.86184       73.04275       53.65531    
 1919   51.70213       310.1987       104.3412       33.68604       9.421202       0.000000       1.695053      0.5245576       29.26343       14.82385       29.86166       173.1300    
 1920   20.81783       55.84293       174.7154       89.54575       2.151062       31.30477       1.923144       27.40919       10.32368       106.2869       138.4041       180.1028    
 1921   187.5404       57.15159       68.24116       10.98604       79.01360       11.11255      0.6745582      0.8489394       6.954947       20.67385       32.06448       256.2085    
 1922   99.04523       307.1387       134.1929       31.90777       55.50106       20.57491       9.623499       8.945582      0.1249123       36.99964       129.0996       321.4272    
 1923   142.8616       41.58304       21.72403       138.6228       23.48410       34.79082       1.746643       12.36890       60.10954       36.03251       19.13515       70.55213    
 1924   57.04240       68.57968       73.43692       21.21201       2.627563       0.000000      0.1498232      0.2491188E-01   4.870849       135.0965       65.78445       146.2203    
 1925   37.44646       227.6442       80.53833       88.90741       58.11537       29.04011       18.40230       18.51343       31.19541       47.83851       60.54205       58.44082    
 1926   105.1376       192.2276       17.55019       113.0413       25.59240       2.626326       2.101590       1.050353      0.6750889       41.92244       272.9643       54.20477    
 1927   107.3869       253.8791       90.95459       100.9297       26.01643       25.11325       1.049294       1.498940       7.769612       82.40988       117.4542       90.62615    
 1928   39.50212       41.94611       248.5829       67.82685       7.317314       7.736573       3.677562       1.948587       1.049826       11.42791       61.89946       88.58392    
 1929   47.60230       92.09029       89.86625       71.62014       2.730389       54.63163       2.100353       4.471908       2.102652       3.626678      0.2507782E-01   198.8391    
 1930   150.7140       85.46661       101.5412       86.26749       45.16254      0.2257957       1.148057       6.324381       42.69735       12.07951       112.7723       8.063248    
 1931   97.61624       85.63834       64.36589       96.82384       39.97456       48.24276      0.8220844       6.796289       22.13587       49.73710       91.26871       321.2419    
 1932   135.0419       146.1378       30.51236       57.14134       41.92315       22.56449       4.355477       1.003180       3.974736       4.670845       17.91554       69.74593    
 1933   180.4920       26.25371       85.83374       18.20053       72.57597       8.607597       5.293110       9.946997       4.103888       116.4622       5.849640       282.3943    
 1934   49.55441       104.5223       19.87897       27.33975       34.93074       61.25953      0.1245584       5.321732       21.88251       93.46643       113.2973       86.00584    
 1935   178.7526       70.57333       113.0703       202.6608       13.27986      0.2491188E-01   6.096113       6.850176      0.2247353       50.06873       81.13869       86.05372    
 1936   200.5703       410.5387       45.00865       33.91183       16.54417       55.15336       6.534628       7.848939       16.70883       23.26166       1.775963       191.0661    
 1937   161.7781       257.5290       117.8272       50.20936       4.626858       33.69594       15.97774       0.000000       1.348587       36.16555       111.8408       269.3663    
 1938   97.01588       359.8157       270.9443       57.98251       23.86661       38.69364       17.43569       2.049117       10.65247       64.82014       42.39523       32.70778    
 1939   104.4758       72.43958       105.3533       23.23551       67.40813       6.595407       5.919435       3.671908       49.09416       69.44646       15.28638       57.08234    
 1940   381.1830       256.2421       158.2745       49.12791       15.60512       7.993288       3.725441       1.073851       14.91060       46.98675       57.85830       288.3565    
 1941   130.5381       162.9323       83.03250       111.6951       40.70724       21.75707       10.01785       10.69117       4.378798       78.35654       49.48851       328.2791    
 1942   197.6927       131.0479       54.28728       129.0816       77.30388       4.396644      0.1501765       2.600530       2.126150       11.18039       215.2394       132.3496    
 1943   327.1597       79.04770       244.9661       56.37650       15.29099       26.86131       15.38763      0.1000004      0.6005306       50.29752       46.96271       77.38905    
 1944   114.9141       171.3938       84.86572       54.60547       31.82809       17.13410       6.749117       0.000000       6.150708       67.45724       203.9588       88.97897    
 1945   28.25618       262.6335       126.3223       23.53904       59.32845       51.52067       13.77774       2.876502       1.052298       133.8738       110.1578       278.1910    
 1946   33.94469       61.76803       147.8602       6.452473       25.15883      0.7473564E-01   29.31802       0.000000       16.27615       50.78427       223.3028       83.84364    
 1947   28.21997       77.87827       102.7314       25.02509       14.58339       34.64399       0.000000       2.848939       1.399649       115.9855       32.80547       16.65000    
 1948   62.13710       75.07262       105.8378       144.7276       71.30918       18.57085      0.2508831E-01   1.324559       3.300884       18.57668       42.96165       141.8698    
 1949   85.68321       85.36520       154.9756       8.823853       64.08038       1.547703       5.101767       12.20424       3.921908       7.899467       90.55688       45.41679    
 1950   228.6756       85.02527       108.7339       77.49893       35.72067       18.49594       4.553534      0.3998241       30.16696       149.7228       309.2512       254.4327    
 1951   161.2624       84.73516       51.07261       77.16219       58.97332       6.926679      0.1501765       11.16166       4.620849       108.1719       130.5982       289.3212    
 1952   279.5380       119.0177       224.2611       83.16695       11.28269       27.17085       31.74399       3.932862       19.32314       3.550701       64.28233       217.2364    
 1953   146.2048       7.348953       83.24734       105.8078       71.83145       54.01908       2.425442       15.12049       1.500000       33.23604       66.90636       42.33940    
 1954   140.5986       134.9120       179.2411       51.98445       7.841345       39.21307       4.176855       5.407067      0.9747353       2.351234       96.81236       188.7739    
 1955   105.8703       62.21608       28.30424       79.13109       33.06202       3.048410       9.772968       0.000000       26.79152       13.06890       62.68745       442.0514    
 1956   256.5978       82.66449       10.88091       87.03763       77.76378       3.273323       16.45141       1.375088       18.42880       116.5406       2.525787       32.20000    
 1957   131.3712       137.8693       98.56925       55.84452       88.15053       4.425442       7.203887      0.2508831E-01   27.27597       76.74611       66.09628       142.0360    
 1958   136.1553       226.2143       206.2823       134.5583       28.93357       43.74117       12.21007       17.39346       18.28163       5.775967       42.13409       46.59522    
 1959   134.2989       201.3737       26.77456       22.75865       41.28887       1.100353       3.042933       4.796643       60.62014      0.2247314      0.5017090E-01   42.03924    
 1960   135.6375       187.4659       105.7002       29.61201       21.83975      0.7003536       16.97138      0.2249117       4.402474       10.69912       161.4281       59.15601    
 1961   49.74557       65.15141       94.25583       45.10176       53.80565       17.34187       8.458127       26.65936       15.37226       27.59753       86.86042       57.30512    
 1962   64.45070       379.6493       118.7613       21.09558       44.51413       4.851768       15.00742       6.883215       3.551765       165.2180       31.83463       85.67351    
 1963   203.5555       133.0896       115.5770       159.1781       69.56131       52.40760       0.000000       3.650353       27.62173       52.96024       187.9254       17.75318    
 1964   114.1943       9.956360       73.05459       43.71395       83.61131       35.81908       2.970318       8.510600       1.552473       29.73851       116.6558       341.0316    
 1965   166.6606       23.89788       60.24222       102.7689       10.06820       26.58922       18.22933       75.90866       21.06926       9.357948       241.0564       160.3180    
 1966   50.16961       50.84116       31.99381       27.74823       20.08198       2.873852       4.759364       1.098940       10.97209      0.2999954       163.3586       218.2302    
 1967   259.8920       11.53639       223.3585       142.0154       29.01785       56.21891       9.998940       11.84647       26.82597       27.48833       67.81519       87.71184    
 1968   116.5078       121.3604       93.02632       12.05248       34.47933       15.22951       3.052474       36.59558       4.624382       41.04823       115.9954       177.9850    
 1969   437.8828       242.5837       46.39982       50.75547       5.174381       46.71113       10.95866      0.1750879       3.001590       63.68074       45.63763       243.1109    
 1970   310.9267       61.90760       61.41819       49.12650       2.649292       54.97738       3.247526       2.946466       3.474206       34.64788       227.9904       221.0776    
 1971   88.06784       23.42862       144.9352       41.12756       70.88268       24.53304       11.64399       12.44505       15.13216       36.75813       83.80971       211.5111    
 1972   43.07049       65.64241       19.93304       64.79505       17.84576       19.85760       1.275795       5.198940       45.81679       98.07684       130.4498       117.5979    
 1973   231.3157       189.7714       84.66466       19.43958       15.09859       8.298942       5.023145       18.57102       15.05707       66.79222       244.6611       193.6088    
 1974   149.5675       49.05618       189.6903       54.95618       1.572792       13.36838       51.10265       8.791166      0.1250896       64.94806       63.78621       82.95972    
 1975   56.53056       215.8191       237.4533       87.25300       17.10424       17.12721       4.630388       60.55405       19.76361       116.2291       43.04522       23.36095    
 1976   23.52226       102.4603       42.48904       24.89064       4.554241       9.017846       21.14982       76.65053       45.31219       22.14487       21.81996       6.055481    
 1977   59.28144       63.44081       33.41590       5.079151       82.48410       24.01078       4.223851       2.449116       10.10936       6.125439       88.42419       266.8749    
 1978   233.5224       140.4557       169.6018       95.10652       10.49276       7.456891       3.047880       8.203710       61.98198       7.976498       92.65229       85.87633    
 1979   146.0973       154.1567       102.8274       39.96979       29.13392       2.720848       33.48428       10.01166       1.149469       84.86430       58.75900       163.0869    
 1980   318.0782       260.6979       87.18798       64.05918       42.32279       9.195938       37.15124       2.723321       11.24187       17.45547       35.65442       75.00690    
 1981   158.3998       51.87773       111.4489       39.80406       38.54099      0.2745609      0.5259714       1.948057       14.10460       114.6465       252.5738       218.4503    
 1982   189.1042       126.8959       200.9837       153.1929       7.426680       43.94982       8.774734       5.674735       117.6466       167.3304       208.4079       174.2064    
 1983   207.7314       215.2726       279.5233       140.4528       18.69435       20.92279       9.102651       44.07067       57.16925       54.01961       361.9781       239.2480    
 1984   16.69241       93.78481       60.53886       41.72085       11.03145       33.94134       20.26608       7.303886       10.64894       85.83463       210.5403       34.05830    
 1985   22.88534       72.88004       141.0625       7.499466       6.828798       13.61095       6.197702       6.959716       50.66714       44.76307       148.9599       97.10759    
 1986   96.73109       447.7012       141.2655       46.09240       21.26749       4.595938       21.96502       1.298587       71.45972       7.473324       9.856537       25.61961    
 1987   92.14416       116.8399       108.8293       17.22102       34.17668       11.76573       5.450883       0.000000      0.1003532       62.78886       59.09663       137.4454    
 1988   102.9431       11.18198       13.03941       87.00035       26.09611       25.02880       8.674205       2.174911       2.496996       2.598759       196.0622       112.8440    
 1989   47.54451       78.39965       224.6189       27.61873       32.70018       41.65548      0.4503531       31.89611       78.54240       89.41237       61.39911      0.2510071E-01
 1990   137.2265       121.3468       44.53073       65.25883       92.06590       4.500177       9.612190       9.018198       14.24717       13.75283       32.55583       58.15125    
 1991   15.43427       60.12103       272.2339       31.74275       45.51731       40.77544       10.03746       15.38198       12.77332       67.01872       57.41501       81.41997    
 1992   59.23445       175.0154       97.48568       22.89629       3.699291       52.38427       30.37085       5.772791       6.672438       72.50759       9.981804       267.7403    
 1993   305.2490       186.5371       100.5263       34.92243       60.55053       47.35600      0.5749116       2.595936       7.440105       68.64046       69.27137       80.99312    
 1994   44.46272       131.6150       43.51200       42.08851       46.71254       1.824736       2.024559      0.2747355       15.08551       41.75141       178.4182       109.5735    
 1995   366.4118       42.85106       296.7037       102.6622       101.9965       69.95370       5.349823      0.5012364      0.2254410      0.2508926E-01   10.95424       244.9576    
 1996   208.3648       211.6888       123.7025       70.98869       91.98834       28.70300       6.001767       5.348410       10.17615       49.04540       143.5608       281.0680    
 1997   375.4343       33.78922       20.07491       29.95547       10.15813       46.03198       3.907420       18.52244       17.63180       43.21519       122.4901       97.24895    
 1998   226.6551       343.2655       161.8753       79.55017       92.29063       41.66396       5.100353       1.425618       58.95247       35.73639       137.6968       63.68021    
 1999   141.8829       224.1113       88.43074       64.47421       19.08940       14.14982       7.980212       16.90018       3.103888       33.78392       74.32861       20.97809    
 2000   252.4256       294.4376       56.20088       51.45865       61.67120       11.55459      0.5480566       7.381448       27.59717       95.11218       45.11589       40.92880    
 2001   106.9378       124.0610       60.55053       79.34840       1.900707       5.701591       3.252474       1.224382       12.70654       25.61007       152.5346       267.4896    
 2002   90.91165       56.94417       98.06413       52.83215       34.24876       3.072439       3.498586       5.651413       1.426680       4.049469       116.7945       282.9487    
 2003   54.07826       56.53728       67.26236       145.0039       40.09134       5.149472       5.528798       52.92490       1.075441       2.575970       78.04699       239.3442    
 2004   72.81112       203.5549       59.54204       14.18781       13.85477       6.517139       1.476678       3.298056       6.130388       158.6394       132.9399       207.3846    
 2005   203.2365       107.7074       127.1986       53.60159       95.10724       47.30547       5.202120       3.578092       9.000884       24.81007       50.08286       370.5065    
 2006   177.2187       104.5062       189.2832       161.2081       24.06042       1.298588       3.227738       0.000000      0.1999989       21.49275       56.34240       107.0143    
 2007   25.35617       168.8247       22.29311       55.34788       19.83622       6.298588       1.351060       1.700530       21.32597       44.21130       26.21059       127.9230    
 2008   234.0440       105.2613       18.65123       4.526325       18.92191      0.1747379       2.601060      0.9982395E-01  0.5257969       28.26466       97.05299       101.1081    
 2009   78.66660       136.2118       119.2850       29.15229       68.02597       34.57809       1.949823       1.751943       1.702120       97.74557       31.01960       151.3576    
 2010   171.3051       149.3896       75.25919       113.0129       51.29417       4.274206       3.352120       2.850353      0.5998249       127.2032       117.5811       279.9515    
 2011   75.48021       160.3675       227.0228       26.83427       74.63568       52.06308       1.124912      0.4250889       3.399825       68.63357       57.80529       4.802658    
 2012   129.2961       60.52208       127.9959       79.06306       10.60318       8.826504       4.200706      0.6250877       1.650352       31.88516       140.2993       262.1189    
 2013   34.89062       21.21696       40.52137       28.11519       18.88004       14.29982       6.477032       15.47880       22.79912       18.04965       52.87367       34.35937    
 2014   30.71095       162.7889       68.82720       50.36166       12.62685       1.275620       2.675972       18.02721       38.57385       36.34558       69.99628       277.2150    
 2015   13.30299       107.7647       10.87933       67.89240       35.91626       22.60565       12.20371       5.052473       9.278976       58.26837       153.7009       157.8124    
 2016   252.2009       35.56538       180.9049       75.09734       34.48869       12.77562      0.4494700      0.5754418       1.749647       109.2058       67.56042       187.6920    
 2017   320.7097       289.7768       108.1258       115.4104       14.60460       11.82438      0.9752650       3.550000       19.02951       18.55618       106.6364       12.32791    
 2018   120.9744       28.00672       231.1519       94.98109       47.15954       2.974380       13.10583      0.2501764      0.2003536       24.68551       137.9222       129.7512    
 2019   212.1028       327.9588       152.8470       31.64240       69.82385      0.3501797       2.601237       1.449646       19.17315       1.875088       51.58003       204.0366    
